Backscattered Energy
Energy (KeV)	Hits (Normalized)
0	0
0.0601202	0
0.12024	0
0.180361	0
0.240481	8.84095e-05
0.300601	0
0.360721	8.84095e-05
0.420842	0
0.480962	0.000176819
0.541082	8.84095e-05
0.601202	8.84095e-05
0.661323	8.84095e-05
0.721443	0
0.781563	0
0.841683	0
0.901804	8.84095e-05
0.961924	0
1.02204	8.84095e-05
1.08216	0
1.14228	0.000176819
1.2024	0.000176819
1.26253	0
1.32265	8.84095e-05
1.38277	8.84095e-05
1.44289	0.000176819
1.50301	0.000265229
1.56313	0.000265229
1.62325	0.000353638
1.68337	8.84095e-05
1.74349	0.000265229
1.80361	0.000176819
1.86373	0.000176819
1.92385	0.000442048
1.98397	0.000176819
2.04409	8.84095e-05
2.10421	0.000265229
2.16433	0.000176819
2.22445	0.000176819
2.28457	0.000176819
2.34469	0.000353638
2.40481	0.000265229
2.46493	0.000265229
2.52505	0.000265229
2.58517	8.84095e-05
2.64529	0.000442048
2.70541	0.000176819
2.76553	0.000176819
2.82565	0.000265229
2.88577	0.000265229
2.94589	0.000265229
3.00601	0
3.06613	0.000265229
3.12625	0.000530457
3.18637	8.84095e-05
3.24649	0.000176819
3.30661	0.000795686
3.36673	0.000265229
3.42685	0.000442048
3.48697	0.000707276
3.54709	0.000707276
3.60721	0.000530457
3.66733	0.000442048
3.72745	0.000530457
3.78758	0.000265229
3.8477	0.000442048
3.90782	0.000442048
3.96794	0.000618867
4.02806	0.000707276
4.08818	0.000884095
4.1483	0.000530457
4.20842	0.000884095
4.26854	0.000353638
4.32866	0.000884095
4.38878	0.000972505
4.4489	0.000707276
4.50902	0.000795686
4.56914	0.000265229
4.62926	0.000442048
4.68938	0.000530457
4.7495	0.000795686
4.80962	0.000530457
4.86974	0.000707276
4.92986	0.000530457
4.98998	0.000265229
5.0501	0.000618867
5.11022	0.000618867
5.17034	0.000530457
5.23046	0.000795686
5.29058	0.000530457
5.3507	0.00106091
5.41082	0.000972505
5.47094	0.000884095
5.53106	0.000972505
5.59118	0.000707276
5.6513	0.000707276
5.71142	0.000618867
5.77154	0.000618867
5.83166	0.000530457
5.89178	0.00132614
5.9519	0.000707276
6.01202	0.000530457
6.07214	0.00132614
6.13226	0.000795686
6.19238	0.000795686
6.25251	0.000884095
6.31263	0.000442048
6.37275	0.00114932
6.43287	0.000884095
6.49299	0.000972505
6.55311	0.000972505
6.61323	0.00132614
6.67335	0.000707276
6.73347	0.00159137
6.79359	0.000972505
6.85371	0.000795686
6.91383	0.00106091
6.97395	0.00123773
7.03407	0.00114932
7.09419	0.00132614
7.15431	0.00123773
7.21443	0.00114932
7.27455	0.00114932
7.33467	0.00106091
7.39479	0.00123773
7.45491	0.00123773
7.51503	0.0018566
7.57515	0.00150296
7.63527	0.000707276
7.69539	0.00114932
7.75551	0.00150296
7.81563	0.00176819
7.87575	0.00114932
7.93587	0.00141455
7.99599	0.00123773
8.05611	0.00212183
8.11623	0.000972505
8.17635	0.00167978
8.23647	0.00132614
8.29659	0.00141455
8.35671	0.00176819
8.41683	0.00123773
8.47695	0.00150296
8.53707	0.00159137
8.59719	0.00159137
8.65731	0.0018566
8.71743	0.0018566
8.77756	0.00159137
8.83768	0.00176819
8.8978	0.00212183
8.95792	0.00176819
9.01804	0.00194501
9.07816	0.00203342
9.13828	0.000972505
9.1984	0.00167978
9.25852	0.00203342
9.31864	0.00141455
9.37876	0.00176819
9.43888	0.00167978
9.499	0.00238706
9.55912	0.00176819
9.61924	0.00247547
9.67936	0.00132614
9.73948	0.000884095
9.7996	0.0018566
9.85972	0.00265229
9.91984	0.00132614
9.97996	0.00167978
10.0401	0.00221024
10.1002	0.0018566
10.1603	0.00132614
10.2204	0.00212183
10.2806	0.00167978
10.3407	0.00159137
10.4008	0.00150296
10.4609	0.00212183
10.521	0.0018566
10.5812	0.00203342
10.6413	0.00167978
10.7014	0.00256388
10.7615	0.00247547
10.8216	0.00194501
10.8818	0.00247547
10.9419	0.00106091
11.002	0.00212183
11.0621	0.0028291
11.1222	0.00203342
11.1824	0.00194501
11.2425	0.00176819
11.3026	0.0018566
11.3627	0.00176819
11.4228	0.00221024
11.483	0.00247547
11.5431	0.00221024
11.6032	0.00212183
11.6633	0.00344797
11.7234	0.00159137
11.7836	0.00159137
11.8437	0.00274069
11.9038	0.00256388
11.9639	0.00176819
12.024	0.00212183
12.0842	0.00291751
12.1443	0.00265229
12.2044	0.00194501
12.2645	0.00265229
12.3246	0.00150296
12.3848	0.0028291
12.4449	0.00265229
12.505	0.00203342
12.5651	0.00265229
12.6253	0.00203342
12.6854	0.00238706
12.7455	0.00203342
12.8056	0.00274069
12.8657	0.00265229
12.9259	0.00238706
12.986	0.00194501
13.0461	0.00247547
13.1062	0.00300592
13.1663	0.00194501
13.2265	0.00265229
13.2866	0.00256388
13.3467	0.00344797
13.4068	0.00335956
13.4669	0.00335956
13.5271	0.00150296
13.5872	0.00194501
13.6473	0.00291751
13.7074	0.00335956
13.7675	0.00238706
13.8277	0.0018566
13.8878	0.00300592
13.9479	0.00318274
14.008	0.00212183
14.0681	0.00247547
14.1283	0.00309433
14.1884	0.00397843
14.2485	0.00212183
14.3086	0.00221024
14.3687	0.00265229
14.4289	0.00353638
14.489	0.0018566
14.5491	0.00415525
14.6092	0.00212183
14.6693	0.00203342
14.7295	0.00229865
14.7896	0.0028291
14.8497	0.00265229
14.9098	0.00291751
14.9699	0.00265229
15.0301	0.00406684
15.0902	0.00167978
15.1503	0.00300592
15.2104	0.00362479
15.2705	0.00256388
15.3307	0.00256388
15.3908	0.00221024
15.4509	0.00327115
15.511	0.00344797
15.5711	0.0037132
15.6313	0.0028291
15.6914	0.00274069
15.7515	0.0037132
15.8116	0.00344797
15.8717	0.00353638
15.9319	0.00327115
15.992	0.00318274
16.0521	0.00424366
16.1122	0.0028291
16.1723	0.00256388
16.2325	0.00274069
16.2926	0.00353638
16.3527	0.00291751
16.4128	0.0037132
16.4729	0.00274069
16.5331	0.00274069
16.5932	0.00335956
16.6533	0.00344797
16.7134	0.00362479
16.7735	0.00318274
16.8337	0.00300592
16.8938	0.00327115
16.9539	0.00442048
17.014	0.00353638
17.0741	0.00344797
17.1343	0.00353638
17.1944	0.00353638
17.2545	0.00353638
17.3146	0.00433207
17.3747	0.00274069
17.4349	0.0028291
17.495	0.00291751
17.5551	0.00353638
17.6152	0.00362479
17.6754	0.00212183
17.7355	0.00309433
17.7956	0.00344797
17.8557	0.00318274
17.9158	0.00380161
17.976	0.00274069
18.0361	0.00397843
18.0962	0.00344797
18.1563	0.00309433
18.2164	0.0037132
18.2766	0.00318274
18.3367	0.00300592
18.3968	0.00309433
18.4569	0.00291751
18.517	0.00450889
18.5772	0.00238706
18.6373	0.00309433
18.6974	0.00274069
18.7575	0.00327115
18.8176	0.00309433
18.8778	0.00318274
18.9379	0.00265229
18.998	0.00274069
19.0581	0.00238706
19.1182	0.00406684
19.1784	0.00353638
19.2385	0.00300592
19.2986	0.00327115
19.3587	0.00238706
19.4188	0.00291751
19.479	0.00291751
19.5391	0.00318274
19.5992	0.00353638
19.6593	0.00256388
19.7194	0.00397843
19.7796	0.00362479
19.8397	0.0028291
19.8998	0.00238706
19.9599	0.00362479
20.02	0.00424366
20.0802	0.00265229
20.1403	0.00344797
20.2004	0.00291751
20.2605	0.00229865
20.3206	0.00194501
20.3808	0.00247547
20.4409	0.00433207
20.501	0.00274069
20.5611	0.00353638
20.6212	0.00229865
20.6814	0.00256388
20.7415	0.00318274
20.8016	0.00229865
20.8617	0.00327115
20.9218	0.00300592
20.982	0.00318274
21.0421	0.00335956
21.1022	0.00327115
21.1623	0.00477411
21.2224	0.00203342
21.2826	0.00291751
21.3427	0.0037132
21.4028	0.00327115
21.4629	0.00335956
21.523	0.00256388
21.5832	0.0037132
21.6433	0.0028291
21.7034	0.00335956
21.7635	0.00300592
21.8236	0.00309433
21.8838	0.00344797
21.9439	0.00256388
22.004	0.00344797
22.0641	0.00221024
22.1242	0.00274069
22.1844	0.00327115
22.2445	0.00353638
22.3046	0.00389002
22.3647	0.0028291
22.4248	0.00238706
22.485	0.00318274
22.5451	0.00309433
22.6052	0.00291751
22.6653	0.00256388
22.7255	0.00318274
22.7856	0.00265229
22.8457	0.00380161
22.9058	0.00327115
22.9659	0.00318274
23.0261	0.00274069
23.0862	0.00353638
23.1463	0.00318274
23.2064	0.00274069
23.2665	0.00212183
23.3267	0.00327115
23.3868	0.00238706
23.4469	0.00256388
23.507	0.0028291
23.5671	0.00203342
23.6273	0.00344797
23.6874	0.00353638
23.7475	0.00291751
23.8076	0.00159137
23.8677	0.00274069
23.9279	0.00229865
23.988	0.00221024
24.0481	0.00141455
24.1082	0.00274069
24.1683	0.00274069
24.2285	0.00221024
24.2886	0.00300592
24.3487	0.00265229
24.4088	0.00238706
24.4689	0.00327115
24.5291	0.00265229
24.5892	0.00203342
24.6493	0.0018566
24.7094	0.00238706
24.7695	0.00212183
24.8297	0.00265229
24.8898	0.00194501
24.9499	0.00176819
25.01	0.00247547
25.0701	0.00247547
25.1303	0.00291751
25.1904	0.00194501
25.2505	0.00344797
25.3106	0.00229865
25.3707	0.00238706
25.4309	0.00353638
25.491	0.00212183
25.5511	0.00212183
25.6112	0.00194501
25.6713	0.0028291
25.7315	0.00238706
25.7916	0.00212183
25.8517	0.00309433
25.9118	0.00265229
25.9719	0.0018566
26.0321	0.00203342
26.0922	0.00221024
26.1523	0.0018566
26.2124	0.00229865
26.2725	0.00238706
26.3327	0.00247547
26.3928	0.00194501
26.4529	0.00265229
26.513	0.00291751
26.5731	0.00203342
26.6333	0.00256388
26.6934	0.00203342
26.7535	0.00327115
26.8136	0.00265229
26.8737	0.00238706
26.9339	0.0018566
26.994	0.00274069
27.0541	0.0028291
27.1142	0.00194501
27.1743	0.00167978
27.2345	0.00291751
27.2946	0.000884095
27.3547	0.00212183
27.4148	0.00221024
27.4749	0.00229865
27.5351	0.00221024
27.5952	0.00212183
27.6553	0.0018566
27.7154	0.00265229
27.7756	0.00203342
27.8357	0.00247547
27.8958	0.00167978
27.9559	0.0018566
28.016	0.00150296
28.0762	0.00167978
28.1363	0.00167978
28.1964	0.00167978
28.2565	0.00167978
28.3166	0.00176819
28.3768	0.00141455
28.4369	0.00141455
28.497	0.00247547
28.5571	0.00114932
28.6172	0.0018566
28.6774	0.00167978
28.7375	0.00159137
28.7976	0.00141455
28.8577	0.00150296
28.9178	0.00159137
28.978	0.00194501
29.0381	0.00167978
29.0982	0.00141455
29.1583	0.0018566
29.2184	0.00159137
29.2786	0.00159137
29.3387	0.00141455
29.3988	0.000795686
29.4589	0.00212183
29.519	0.00141455
29.5792	0.00203342
29.6393	0.00150296
29.6994	0.00203342
29.7595	0.00150296
29.8196	0.00106091
29.8798	0.00106091
29.9399	0.000530457
30	0